      0/99      6.5G    0.1016   0.03249         0    0.1341         9       704  0.001442    0.3261  0.001247 0.0001849   0.08783   0.01959         0
      1/99     6.52G   0.09227   0.02879         0    0.1211         9       704  0.003888    0.2652  0.002428 0.0003942   0.08301   0.01703         0
      2/99     6.52G   0.08856   0.02761         0    0.1162         7       704   0.01363   0.01304  0.005266 0.0008085   0.08162   0.01578         0
      3/99     6.52G   0.08727   0.02625         0    0.1135         7       704   0.01442   0.04348  0.003095 0.0005062   0.08197   0.01441         0
      4/99     6.52G    0.0876   0.02634         0    0.1139         8       704  0.001335       0.3 0.0004431 6.383e-05    0.1079    0.1077         0
      5/99     6.52G   0.08666   0.02599         0    0.1127         5       704   0.01091   0.08261  0.003017 0.0004717   0.08431   0.01417         0
      6/99     6.52G   0.08593   0.02649         0    0.1124        25       704    0.0588   0.02609  0.006147   0.00108   0.08455   0.01352         0
      7/99     6.52G   0.08526   0.02626         0    0.1115        12       704  0.006596    0.1609  0.003785 0.0006015   0.08321   0.01335         0
      8/99     6.52G   0.08487    0.0254         0    0.1103        12       704   0.01298   0.03043  0.003671 0.0006373   0.08085    0.0136         0
      9/99     6.52G   0.08548   0.02582         0    0.1113        11       704   0.01751   0.03043   0.00315  0.000511    0.0809   0.01357         0
     10/99     6.52G   0.08537   0.02553         0    0.1109        11       704   0.05056   0.01739  0.005399 0.0006667   0.08261   0.01304         0
     11/99     6.52G   0.08597   0.02555         0    0.1115         6       704   0.01518   0.04783  0.005963 0.0007794   0.08231   0.01308         0
     12/99     6.52G   0.08258   0.02537         0     0.108        13       704   0.08385     0.113    0.0296  0.005723   0.09026   0.01131         0
     13/99     6.52G   0.08418    0.0252         0    0.1094         6       704   0.03244  0.008696  0.002601 0.0003755   0.08673    0.0129         0
     14/99     6.52G   0.08207   0.02541         0    0.1075        12       704   0.01449   0.08696  0.004453 0.0007037   0.08104   0.01345         0
     15/99     6.52G   0.08155   0.02511         0    0.1067         4       704  0.008376   0.02609  0.002158 0.0003349   0.08915   0.01735         0
     16/99     6.52G   0.08114   0.02652         0    0.1077         7       704   0.02507   0.05652  0.007417  0.001424   0.07914   0.01379         0
     17/99     6.52G   0.07939   0.02588         0    0.1053        15       704   0.01775   0.07391   0.00625  0.001007   0.08237   0.02083         0
     18/99     6.52G   0.07835   0.02755         0    0.1059        16       704   0.02218    0.2957   0.01372  0.002135   0.07655   0.01363         0
     19/99     6.52G   0.07716   0.02635         0    0.1035         8       704   0.09238   0.07826   0.03932  0.007027   0.07572   0.01315         0
     20/99     6.52G   0.07501   0.02753         0    0.1025         6       704   0.01597   0.08072    0.0051 0.0008832   0.07728   0.03173         0
     21/99     6.52G   0.07663   0.02825         0    0.1049        14       704   0.04305    0.1522   0.01748  0.003101   0.07834    0.0162         0
     22/99     6.52G   0.07565   0.02753         0    0.1032        12       704   0.04677   0.06087   0.01157  0.001876   0.07931    0.0204         0
     23/99     6.52G   0.07214   0.02759         0   0.09973        12       704   0.08867   0.07826   0.03726  0.006405    0.0742   0.01854         0
     24/99     6.52G    0.0701   0.02847         0   0.09857         8       704    0.2158    0.2304    0.1102   0.02282   0.07222   0.01562         0
     25/99     6.52G   0.07165   0.02874         0    0.1004         6       704    0.1818     0.313    0.1144   0.02315   0.07061   0.01613         0
     26/99     6.52G   0.06961   0.02873         0   0.09834        16       704   0.09473    0.2334   0.04639   0.00985   0.07543   0.01896         0
     27/99     6.52G   0.06738   0.02787         0   0.09525        11       704    0.1355     0.295    0.0876   0.01727   0.07027   0.01695         0
     28/99     6.52G   0.06814    0.0289         0   0.09704        11       704    0.2755    0.4043    0.1946   0.05376   0.06463   0.01466         0
     29/99     6.52G   0.06604   0.02849         0   0.09453        11       704    0.2495    0.3217    0.1713   0.04107   0.07208   0.01565         0
     30/99     6.52G   0.06593   0.02702         0   0.09295        10       704    0.3391    0.3652     0.256   0.06471   0.06708   0.01415         0
     31/99     6.52G   0.06505   0.02784         0   0.09289        13       704    0.3346    0.3087    0.2198   0.07889   0.06789   0.01335         0
     32/99     6.52G   0.06398    0.0271         0   0.09109         9       704    0.3996    0.3609    0.3083   0.09245   0.06578   0.01574         0
     33/99     6.52G   0.06304    0.0272         0   0.09024        15       704    0.2821    0.3826    0.2462   0.06429   0.06316   0.01313         0
     34/99     6.52G   0.06183   0.02614         0   0.08797         9       704    0.5752    0.3532    0.3477   0.09942   0.06496   0.01432         0
     35/99     6.52G   0.06157   0.02718         0   0.08875         9       704    0.2653    0.3435    0.1951   0.06328   0.06091    0.0137         0
     36/99     6.52G     0.061   0.02712         0   0.08812        13       704    0.4946       0.4    0.3437    0.1203   0.06377   0.01315         0
     37/99     6.52G   0.06034    0.0267         0   0.08704        13       704    0.3079    0.3435    0.2131   0.06315   0.06343   0.01306         0
     38/99     6.52G     0.059   0.02607         0   0.08507         7       704    0.3702    0.4478    0.3302    0.1153   0.06292   0.01412         0
     39/99     6.52G   0.05801   0.02519         0    0.0832         7       704    0.5488    0.4389    0.4137    0.1473    0.0596   0.01271         0
     40/99     6.52G   0.05718   0.02564         0   0.08282        12       704    0.5915    0.4652    0.4662    0.2055   0.05913   0.01237         0
     41/99     6.52G   0.05591   0.02518         0   0.08108         9       704    0.5962    0.4565    0.4376     0.175   0.05645   0.01294         0
     42/99     6.52G   0.05511   0.02505         0   0.08016         6       704    0.6154    0.4043    0.4478    0.2034   0.05681   0.01283         0
     43/99     6.52G   0.05498   0.02423         0   0.07922         5       704    0.6194    0.4043    0.4539    0.2274   0.05998   0.01376         0
     44/99     6.52G   0.05618   0.02459         0   0.08077         7       704    0.5028    0.5435    0.4601    0.2017   0.05482   0.01254         0
     45/99     6.52G   0.05387   0.02501         0   0.07888        12       704    0.4232    0.4478    0.3521    0.1436   0.05416   0.01421         0
     46/99     6.52G   0.05441   0.02332         0   0.07773         3       704    0.4942    0.4696    0.4077    0.1884   0.06186   0.01259         0
     47/99     6.52G   0.05289    0.0241         0   0.07699        13       704    0.6038    0.5304    0.5006    0.2239   0.05704   0.01229         0
     48/99     6.52G   0.05343   0.02377         0   0.07719         5       704    0.3505    0.4565    0.2639   0.09258   0.05906   0.01319         0
     49/99     6.52G   0.05465   0.02356         0   0.07821         7       704    0.5445    0.5652    0.4963     0.252   0.05791    0.0119         0
     50/99     6.52G   0.05255   0.02376         0    0.0763        10       704    0.5728     0.513     0.493    0.2209   0.05381   0.01286         0
     51/99     6.52G   0.05222   0.02359         0    0.0758        11       704    0.5916    0.5038    0.4652    0.2126   0.05592    0.0129         0
     52/99     6.52G    0.0523   0.02291         0   0.07521         5       704    0.6684    0.5521    0.5538     0.289   0.05359   0.01219         0
     53/99     6.52G   0.05189   0.02313         0   0.07502        12       704    0.7138    0.5261    0.5804    0.3001   0.05316   0.01246         0
     54/99     6.52G   0.05024   0.02325         0   0.07348         6       704    0.5988    0.4739    0.4631    0.2205   0.05711   0.01223         0
     55/99     6.52G   0.05063   0.02269         0   0.07332         7       704    0.8391    0.4087    0.5152    0.2708   0.05336   0.01169         0
     56/99     6.52G   0.04984   0.02243         0   0.07227        11       704    0.7326     0.417    0.5013    0.2354   0.05715   0.01246         0
     57/99     6.52G   0.04961   0.02435         0   0.07396        16       704    0.7313    0.5478    0.6062    0.3104   0.05263   0.01185         0
     58/99     6.52G   0.05122   0.02295         0   0.07417        10       704    0.6201    0.5819    0.5763    0.3029     0.052   0.01197         0
     59/99     6.52G   0.04987   0.02403         0    0.0739        12       704    0.5614    0.5826    0.5731    0.2981    0.0499   0.01205         0
     60/99     6.52G   0.05256   0.02399         0   0.07655        16       704    0.8795    0.5077    0.6231    0.3374   0.05241   0.01178         0
     61/99     6.52G   0.04883   0.02324         0   0.07207        10       704    0.6956     0.587    0.5858    0.3081   0.05283   0.01164         0
     62/99     6.52G   0.04958   0.02311         0   0.07269         9       704    0.7878     0.565    0.6174    0.3222    0.0513   0.01208         0
     63/99     6.52G   0.04816    0.0225         0   0.07066         9       704     0.647    0.5259    0.5339    0.2708    0.0511   0.01167         0
     64/99     6.52G   0.04757   0.02256         0   0.07013        10       704     0.646    0.5391    0.5424    0.2557   0.05466   0.01214         0
     65/99     6.52G   0.04814    0.0232         0   0.07134        10       704    0.6646    0.5652    0.5793    0.2871   0.05087   0.01161         0
     66/99     6.52G   0.04693   0.02292         0   0.06984         7       704    0.6119    0.5553    0.5136    0.2707   0.05344   0.01199         0
     67/99     6.52G   0.04614   0.02228         0   0.06841         9       704    0.7711    0.6043    0.6532     0.351   0.05026    0.0113         0
     68/99     6.52G   0.04592   0.02201         0   0.06793        12       704    0.8022     0.582    0.6517    0.3669   0.04999    0.0115         0
     69/99     6.52G   0.04553   0.02102         0   0.06655         9       704    0.7147    0.5609    0.6238    0.3598   0.05314   0.01119         0
     70/99     6.52G   0.04595   0.02194         0   0.06789        10       704    0.6342    0.5913     0.597    0.3104   0.05087   0.01141         0
     71/99     6.52G   0.04566   0.02176         0   0.06742        12       704    0.7939    0.5693    0.6418    0.3699   0.05088    0.0112         0
     72/99     6.52G   0.04489   0.02209         0   0.06698         9       704    0.8391    0.5696    0.6634     0.372   0.05053   0.01138         0
     73/99     6.52G     0.046   0.02229         0   0.06829        10       704    0.7287    0.6435    0.6433    0.3553   0.04983   0.01132         0
     74/99     6.52G   0.04502   0.02206         0   0.06709        10       704    0.7579    0.6124    0.6232     0.337   0.05273   0.01145         0
     75/99     6.52G   0.04287   0.02093         0    0.0638         9       704    0.8092    0.6086    0.6883    0.3877   0.04889   0.01148         0
     76/99     6.52G   0.04486   0.02157         0   0.06643         6       704    0.8057    0.5609    0.6631    0.4016   0.05005   0.01101         0
     77/99     6.52G   0.04517     0.021         0   0.06618         7       704    0.7035    0.6304    0.6281      0.36   0.04889   0.01142         0
     78/99     6.52G   0.04351   0.02185         0   0.06536        11       704     0.864    0.5826    0.6528    0.3623   0.04902   0.01146         0
     79/99     6.52G   0.04425   0.02164         0   0.06589         5       704    0.6972    0.5606    0.6014    0.3458   0.04916    0.0115         0
     80/99     6.52G   0.04304   0.02185         0   0.06488         9       704    0.8095    0.5913    0.6413     0.349   0.05028   0.01112         0
     81/99     6.52G   0.04336   0.02147         0   0.06482        10       704    0.6916    0.5948     0.603     0.336   0.05035   0.01146         0
     82/99     6.52G   0.04159   0.02117         0   0.06276        10       704    0.8249    0.5734    0.6647    0.3773   0.05257   0.01123         0
     83/99     6.52G   0.04241   0.02083         0   0.06323        11       704    0.6836    0.6387    0.6523    0.3769   0.05237   0.01091         0
     84/99     6.52G   0.04335   0.02139         0   0.06475         6       704    0.7098    0.6391    0.6161    0.3338   0.05089   0.01125         0
     85/99     6.52G   0.04148    0.0212         0   0.06267         9       704     0.801     0.613    0.6553    0.3711    0.0491   0.01134         0
     86/99     6.52G   0.04167   0.02002         0   0.06169         5       704    0.7714    0.5867    0.6163     0.361   0.05078   0.01149         0
     87/99     6.52G   0.04003   0.02143         0   0.06146        10       704    0.8121    0.5824    0.6581    0.3964   0.04801   0.01097         0
     88/99     6.52G   0.04112   0.02112         0   0.06223        20       704    0.7408       0.6    0.6191    0.3541    0.0503   0.01129         0
     89/99     6.52G   0.04151   0.02069         0    0.0622        10       704    0.7841    0.5999    0.6188    0.3331   0.04969   0.01116         0
     90/99     6.52G   0.04169   0.02046         0   0.06215        10       704    0.7445    0.6348    0.6441    0.3495   0.05535   0.01094         0
     91/99     6.52G   0.04014   0.02082         0   0.06096         6       704    0.7599    0.5781    0.6269    0.3612    0.0496   0.01127         0
     92/99     6.52G   0.03981   0.02002         0   0.05983        10       704      0.75    0.6129    0.6544    0.3676   0.05043   0.01073         0
     93/99     6.52G   0.03968   0.02094         0   0.06062        10       704    0.8083    0.5913    0.6539    0.3804   0.04863   0.01129         0
     94/99     6.52G   0.04016   0.02037         0   0.06052        10       704    0.7845     0.587    0.6221    0.3513   0.05015   0.01087         0
     95/99     6.52G   0.03938   0.01967         0   0.05906         7       704    0.7147    0.6348    0.6384    0.3676   0.05151   0.01119         0
     96/99     6.52G   0.04036    0.0213         0   0.06166        12       704    0.6279    0.6087    0.5901    0.3039   0.05226   0.01141         0
     97/99     6.52G    0.0395   0.01976         0   0.05926         9       704     0.802    0.6163    0.6736    0.3944   0.04873   0.01103         0
     98/99     6.52G   0.04014   0.02043         0   0.06058        10       704    0.7333    0.6478    0.6543    0.3667   0.04963   0.01095         0
     99/99     6.52G   0.03987   0.02079         0   0.06066         9       704    0.6491    0.6304    0.6109    0.3385   0.05065   0.01121         0
